-569024030
-516545229
-692634994
76012929
410266371
844790902
-2018025848
-1718594128
393118248
776445156
1898591060
-989175960
-1919068067
2038260948
-1885906268
177833769
-401741728
1013105829
-2090174273
-1339528088
1954983357
1379604617
-852851165
284005937
-607493405
735125693
1685185366
778997140
-1440620182
-515235137
432164039
1047228769
-1022948146
-2126349593
431141559
-1066813342
-68831566
1232313146
91730744
-488653254
1252000262
-2131991270
-20172783
-673501882
-251241002
-842404533
-2110467141
-1440170488
656213244
-1365225617
1787244984
1139967659
284587784
2132695100
544482883
-1782739080
684991813
-1086158392
687035954
-2046374387
1343172748
1032906723
1181109958
-2133633750
-922659546
-965136522
1412265804
-379537878
1117115368
-1756189724
-195042652
-107731313
1567525219
-964214730
851711053
1892738473
-1224283616
-740354655
1269562865
-239235556
-1081614296
23183825
-1739052828
780536264
2046663047
699987866
266802173
-652301299
1449239592
1158519980
103694020
-2102958338
-66797818
-1693390051
404911983
-1368420617
1110234425
176067292
-1392943887
1345346793
-1379501083
118386887
-1011890698
1491588299
-896731856
4648654
90301577
906387199
-15571201
443479826
-1698173720
62286290
1571939982
-867016894
513401731
1558625025
1650322094
-1474354990
68401248
591564496
1496349348
-1235431585
1762767626
-203836045
-431143198
-744373165
1508080636
-1519000775
2050475179
448786076
-1885990722
668842391
-1149966358
-1581259485
900184404
-1815469370
476997292
1811723468
-387009377
-482249073
27390074
-1466860559
1137944981
-603165164
-1797055244
710784130
-147839274
-1978110524
489184467
-1647808733
-1283700887
548882176
361422992
143870736
303218908
1602709010
1041153478
669249108
-1483116092
-1343053991
-2108798141
-800837771
-913070874
-1828562785
208039626
-1494041657
-1912001993
-2005430117
1940471576
1440204741
-121695337
60669330
1289788023
1674255509
-1638258617
-1868826408
-517320165
-430575184
-1654261733
518691006
1300015558
-643415501
-929605143
1137451997
1110469685
687600511
-971751408
1828814435
-1935525262
435169327
-985825808
-552040303
-1187154258
-427956887
300753693
1166013123
-1969762569
-1986660679
240776353
-54853551
2083987378
73750820
-620808168
-72158538
1509589360
-1513255964
1895805422
-1757776454
-1813834558
-341342573
-416441196
-852148282
-561797833
-454744048
1204570519
-2016299864
-991749899
-757911664
-2024457608
-1415327534
-406164392
-2112713499
709633479
1406518727
1590762430
-1402168842
-1573630168
1988034752
-997211997
-1247211407
-476123020
-812319946
-1565201988
941649619
1227574505
602456841
1265431186
-1755045180
884549962
-1164221448
831147093
-1766113945
-509647232
-1110683283
-1325923393
-1395263789
1798272224
-1952041120
-76951599
-1888087139
1567283485
-340599694
-1500815322
983523920
-1441277576
803640542
-183891245
2013862641
-1951510970
1697561433
-696616635
-463598161
-1074943619
629337105
-1985823115
342950808
530456606
-1787651034
-665578812
-460938206
1845244186
-102990548
-1024933268
-1422227092
1509930016
320123804
-667538852
-1356135523
425916155
-1618439941
1437427017
1007480118
-244876991
1325264189
-4524371
1834193710
-743669110
-1790773311
1442278341
1102009627
1855486537
1652221107
1603130414
1453739211
-1567618061
670145179
1096548579
-605482075
565713163
2092312270
-1324604081
788098296
75551712
-114765427
1853259458
647241186
-393408946
-1161478268
739370977
222307086
33583940
-167839977
1631934927
-1528941237
-1838518755
-542241806
821063164
842170667
1211066318
-1933180383
1653028311
1012266292
-1634966203
-50407077
1617595038
57902529
-2111646126
-1350197254
-1346417419
112434030
-1066395983
959460415
-1941171829
-25080324
-620313882
97349789
-1109717656
1489244662
331978616
1729753624
-1941858931
-1842231782
1519673567
188354537
-409030986
123013089
-1752529401
888995502
1892901675
2031274982
-1950588206
-1606914877
-554281014
833722372
237859475
-2002742852
-215181867
-1384789484
1652902547
-114625332
526481092
2011899487
99968143
1772964929
-278992720
-2063898618
1776436936
-171522967
-282644268
334179619
-1694116530
-304478086
1869165408
-471798556
467484907
-904079684
-472769875
-1545738183
1357425391
-907236893
2047154678
622516832
-233165887
-1135659608
267288670
-1241831986
948489603
-1687088441
1487613716
786269422
1038033393
2045913553
1607390514
-2071041553
2089666001
2013841287
-1003708034
-1094140864
-271772652
-1209625240
1213594176
-2099229075
-752717666
-258304737
-910059098
1603707081
709147431
286346786
-103391502
700802671
97097179
-762555629
563856352
398686019
-1601716261
314833233
-716825006
-1723873431
-738574405
-674971738
-1169739674
1399162098
-1424907782
1328902200
2080412183
1971780898
1225158582
-1471328218
1957563724
1650673168
1931775812
1389730838
1557936237
-1629422889
-1908895358
-142622579
855606277
555713963
777862573
893507877
543521991
-1933435093
-368974857
863109364
-2034833939
740944912
933452896
-1672800132
-2067767192
2036477931
-899203187
2138189215
-1885548711
-2043621685
527050824
-54671218
-1186504404
-558976492
-259795074
-885511544
18853101
-569966423
301028241
1590857441
1803254298
-642759530
2031446417
1661333694
612394692
-1581407815
-1496613339
1053348262
909948268
6243258
-2119062203
505468801
628651378
-1272049477
-1688895121
-339233814
2066926242
-1831283950
-179705649
-1898457741
1563642747
1754328099
1649502107
1514533263
-106570671
-1018665000
-1581141399
-1758043871
-1964898651
2000423092
-1586764691
-1192946954
1493306889
-2095202292
-1595926295
2066621109
109264908
1986858655
461432574
-244678468
-681801185
-1474825182
1044803792
-835015285
-663233618
2131612636
1296440403
-619991973
-1488368652
-2087083103
-2003168233
811266018
1819105623
626544488
-654365362
2128695006
-835910370
903490915
-1101859400
-1004323948
-54910027
674794185
1284016649
-1369273807
-1795883768
663251587
-824290384
-255345231
1559273268
750491745
1881268483
-234413963
1917369378
-2008975872
-313943720
693319786
1643626977
-1954640403
-1676834572
141057393
1144918764
-1454265601
-1857889012
19363243
-659608442
-1840364717
-725785678
-922656801
-1620097019
1299367091
1545480534
1297478254
1615311525
576977492
1618280012
767940494
1027725400
708540291
750567037
-1467705586
-1219958
-1685616648
877553898
876570105
1656206156
-1338016031
-1133334940
-947163297
-690360651
-6832094
616518746
-1352992955
346142980
-155859570
-67723667
-368058255
849841372
-1123166486
372356911
-572978710
-1028631638
-810357162
1250964865
1063436325
-2021133529
157905898
94853804
-1644018637
1752167719
1332127179
1724226851
-1056240711
-1549328784
1894222571
-1135606923
-262225777
-1415217899
1205920577
871138398
2012055977
928772909
1461867207
57816828
-1030998846
-854119171
1622808780
2027916548
-1079089586
-561656213
-504125793
-385472020
1447174525
-1187509993
-690447165
-1533704585
658897710
463459474
640994098
1385211991
-1099413424
-838990666
-1753564632
-523559248
-1735275196
-1139289533
46320566
853721957
239362296
-2098344315
688857056
101375068
1806499464
1969082566
562725181
-789487181
-1458503482
-2024676759
1784622728
-161756535
-274891432
-2003257358
1218068306
1133996991
1135168744
170950777
921602365
-87883821
-807675981
1994568283
-1709156670
1171110770
-1691350027
1503524932
1768402348
372852937
1111223083
1706518961
-1654332005
552827770
11651084
-1338899899
-1482584445
-756335702
1587116740
681268054
-1177049302
-1442588865
1752681479
1818035823
-1854331987
2040430751
-533949788
-13381582
-785267717
-1214797074
759823269
1075810074
1352844712
-494965806
699297782
381479647
-441736740
609012879
489572003
1334509295
-1533953266
1343475280
-533755476
-1253501837
-112806951
-329269645
991491651
-1119479404
-1915890470
562075890
1872751355
1334877155
1825879488
1508812192
-1368798662
-434180179
673441309
-1289441484
273604395
1519428117
-1743101282
-1926792801
1319111653
-1013416331
-522736469
816398260
470956778
1530355258
-1660123071
559932004
1105821528
-161771427
557056279
497144669
444273415
509873295
-1246646705
-381017873
2084572324
972991054
2106001077
1757982530
331932964
2090849188
2676160
1172467157
1257038526
-519564969
1535794070
-16458763
748072747
1511495715
-2024330874
-129453862
792442008
-1043822221
-1019787122
1380568903
-1039380968
694539692
-1156703147
836021003
-1362551445
753051799
-855183057
-624238973
-844703704
-1666672121
1894835615
-1005907988
1122128936
-1300117471
-526482482
1245136819
-1778815784
1818170706
602993897
-1570745249
-916890043
779134277
-1226348163
-1501946275
-1363281126
-444549945
947854031
1398301417
1541503363
86291232
762087921
-1628228574
690863538
-1855497611
692178719
529739816
-1270489061
-1212594316
-502458346
-437969233
-1135853490
-1601908469
-537504043
783498180
-192232289
1398440284
-1037273319
-127572769
-2075353953
-134793279
782134533
1532301502
-1616519794
-1626899011
1984101523
-2032622334
2136025415
-1239495830
-1228117282
-179995175
1697174102
394550460
-1547120146
1882947794
-812513530
341428778
-87233888
1130222713
1254737576
1671532990
326909300
-1244600344
-1709044409
1316710147
2129385806
-1545736632
1835071559
1460194456
-1917850302
1022700469
815677440
-2115686813
-1437213897
1177249201
-1976057509
971748449
1673543272
1788763450
987456396
1231942278
-1535984102
-381896160
-371611423
-1222498424
-1853798637
1524991773
-799602341
907538702
-365962200
-1257749183
2047864750
1443125369
1671626064
688583919
-1578641751
77955363
-1708181003
393855225
1116674587
2034725053
93790700
-1834426893
-744012276
1851297537
2129017051
-592521734
-2023959146
-240331360
354736820
-312093766
1515111688
-476172070
959751385
741169172
-101636831
-198964418
-1243134006
-1940455727
-915294898
-1317186211
869667001
132433338
-1204108378
1994406416
39687459
824754305
2068779871
-427247446
377539233
627199759
-1305841636
-1631983150
94541911
-1755421993
367671171
-1200752303
324511959
1808507991
980089212
1604621056
-1674750866
249415835
90409272
-836481752
-1075990047
873064772
-1187313935
-477291948
1317053626
1865999013
-752735293
1096651772
-70528108
30828503
-872876542
-345717400
-534702395
-2040038753
1267863578
-1359341272
374242737
453667658
-1943996810
-20280985
-119008316
-744632905
-2021678373
-1107136357
1039081825
38720393
-339685552
-159228672
618054721
-592700375
-1218453053
-175754798
-1688764756
-1707031279
248992818
2083824762
1976471585
-841588546
-770114242
-73499071
2054860792
-1291086643
-479954816
-1326720417
1234554613
-832487859
369652762
-946264850
-507889752
416655465
1394226597
869012944
1360172914
1037940395
-1445347407
1847181341
1995783487
-530982479
574950568
-1115965662
61044737
-1437346084
-1849194648
992150867
1730329407
1273584213
1941961992
-1714222990
-584629477
68808890
-446931724
-1592519338
-1142329051
1143939482
-1455277856
-574917285
-1499384436
1122149894
589506208
-563727403
-393365511
1356355885
229997650
-1920170440
1034053281
1397768081
1703073815
-1785458411
-260613771
-580919147
641281470
-1540132900
1991222766
460458572
-1419447576
-2028938908
1254443161
-132934473
-631782319
1501390074
812028147
-1003272231
-1364052640
527497858
1627643301
1937745996
-1436256996
-318047061
-1356453379
412432204
-609464598
-142969393
-1048138636
93818966
-836779293
1413629584
-1557330799
-1026368058
-1372069515
1069337797
579635202
2016149915
553910494
-1877109050
-1675247029
1190487456
1794548478
-723333397
-1993135238
1543997612
-1402354381
1536845613
-1884006806
2027332772
144941696
-64080122
-347344603
-111256439
156975542
1999101520
-1327530401
-1707748575
469281734
-1342765850
165986040
-1221140644
2134179193
1489660518
1386034307
257881062
-2102465449
864722028
1466752422
1978019936
-2039924418
1262762442
-312265175
1447332831
-1639137672
-1911650178
774690655
-1832792212
1185828549
-2056929980
-457388096
1444569218
1157600042
-284158943
1620065820
939711378
-527029203
440915212
-310579275
2087420286
-2003885519
1917946548
1986220277
-2048105686
-1161728471
703296020
2139948618
1970828842
-528705009
-1327535797
-273887009
-1843022905
1154604064
1962760210
210594130
532869710
632434680
-45491808
-784415537
843622975
-1962985380
-37305993
-602899659
-746861429
-855928863
-1063656211
-304809654
962329946
1379562433
-829065655
-1076717435
280752106
54448874
1683014234
-454822021
-2050074707
-1167196139
1860541118
-2080610154
-985663159
-865267825
-1841847456
1505947342
-1396636199
-810027589
-188231693
1103826300
1961349207
462288269
2073423494
2113780540
-2085967117
-1972199184
1005794242
1822708744
-2074454857
-915971554
1632310556
-1883314031
-1565004026
-388065357
-593367238
211215310
538374883
35674826
-1533734247
439382053
-473865239
-426894209
576884314
1497788193
358127487
-774535230
742531155
-1431644006
1288037333
1657054317
812605593
-1471945964
534051088
1696966265
-1446702962
-1029483840
-1746969321
413039542
-1169917858
-1641125754
-1503260231
1528058345
-756741252
903761226
1590428176
1966450878
532394820
1863548646
-1750022872
-392027311
1369202127
-1371163308
1441109066
2052388440
-182613082
-1420514987
-957938104
17988150
-2095291313
-140483097
-1050588418
1460712616
50448544
322906405
1633414428
-1453038809
1466346074
1946172670
1169322084
-1381243247
-1078186485
-1937105483
2033569402
-1947342786
967133044
-2119765917
533515430
1388924498
1118491517
1489417868
-1151966853
-1780023257
1818646497
745323738
1730444175
-1413078237
1192137059
181804019
-1065355980
-1334771944
-246908436
-467588498
-1931442321
-1361158203
-695482055
-1415211631
-1742426555
-160278100
850601375
-1227879732
-1219885532
-318534949
-1610134408
1698271546
-1199598224
93162974
-1081585085
-1145007323
164218777
-947001801
589171523
819357822
1278050970
-1082960776
191617642
-1517442193
1441239942
1135959887
-1842717103
-1734575174
1232888012
679661478
-1540971617
-1031282266
-1965812176
-321453451
-211248689
-1773177846
1996944338
369345622
-728528612
-396675420
958261528
746872646
-1173694358
1353727735
-1335658551
335320184
1336543959
1824076635
-1486659981
111899678
1609130429
-999297402
1869914950
615708931
-1926786932
105530582
1211336248
209800431
1792904912
1413549377
1974383369
307983518
824410633
-1332726430
1452366842
1410143272
1645371272
-1287317193
-85835340
65967515
-1137337453
-705168242
-1279661426
2102793268
-1053386997
415871370
-1331696794
311847422
1457600871
1644138276
758735861
-1075583649
1712059460
-810043480
-1430453822
-1870169737
-452043015
-395333836
-293833156
-1445415684
-1042614463
-1269349828
-948802493
1755657920
-644891030
-1319746569
863620175
-1151126114
1849604481
1804037429
-846506099
-1211280614
-30139330
1542880720
198325376
643480784
2073422235
-394930622
521009830
-259771906
440952891
375065463
-443445650
626907394
72866822
392433222
1622634941
658680374
411497114
795111147
262867820
-776477001
1436361663
-1647303047
-1265350457
866050354
-1101480450
930897704
107902991
204130198
1937501269
-751289156
602927865
-1860355508
-917657495
-1633698508
1791793454
-1979262087
932671834
1117670100
-1243800887
1438723145
617280793
961449069
200610524
-1222644095
1566514103
-978253674
2020733419
1922990203
-154588153
-907517755
-499955822
1206095522
386760464
72680137
1850179244
1717111418
-1842427410
-1812614929
966253691
-786688721
-1634558538
-425504420
1387071175
-1732884109
1966534730
1222244769
-500736214
1364128689
-21827465
1205340149
-1540620559
-541556322
-1860441430
-104475975
1650542229
125642148
73770036
-1107306025
952829836
756294532
-964774900
752510107
-1785037300
306521139
-1967759122
2063840842
-326856028
1134214231
2096167
-1218933235
-2013116114
-1208123377
581699170
1333920406
-1585352588
2040898967
1723301341
-1331584529
-1254322106
491043597
-397141351
1442731171
1383030087
-772545215
-662507717
1082624985
-1724221145
-497525803
398741840
-80284343
-1027049504
-330693267
1961709207
401080664
-1869248122
1509035637
-767312668
-198324425
1812327945
1159811575
1269738345
243397822
1094253484
-1419061264
1975600017
-1889063513
1795431218
-565714591
-1387797322
-963606263
1198379801
-526267555
-1580444619
-1863466020
-959957754
-682319766
-1692154249
805757727
-1445957399
-1771867605
-936668267
1224602067
-1428731864
-1097837799
-1297418976
-816161860
1766737946
-1352957797
-591472345
-2118029561
1926354061
1112069841
-529404300
-767427251
1367735743
-147373165
346418844
-1751609645
-2122072427
380453903
2143248064
-1036579832
-1553475533
550253919
-1540752079
1946687242
1267150134
-501316448
1466340608
726395616
1070603772
761766754
-517361317
787343423
770982493
-901373503
-298162385
1374857081
2091149066
1025571263
-510283109
1979526596
-951840679
1041863186
1423285255
-901580560
-473705946
-996215975
1776913322
-1952019026
-902227832
-832525540
1757280004
-2126457806
1993290680
-2122893779
-904118685
1871947570
-1317977975
-1685640288
-748206688
1476368043
-1943074667
-1537435025
-891615585
-1985824071
2137087377
1768456096
-1180947177
-701522824
721867669
-1956285877
933246977
-1486612928
-1134540932
1091704160
752503523
-1952296215
-485342114
-1066002398
176274855
1790945545
666160489
-2011224861
1016558656
-532091621
1601649817
314251643
168049992
15540687
-922655680
-1662489643
1867702679
1660367294
891293276
1539762909
-1330674280
-140446207
-1191514830
-2119905283
1191673000
1576891312
431209212
-696462654
30320619
-962518970
-925121436
956365785
-1557483976
-717496313
-182435059
-974475949
17138024
-1108355217
1362593802
-661511675
-22782667
1130828975
-1437010331
1960479467
1063820862
2032516109
-2033594982
-464610178
-1851674074
-2120566619
-867646439
-1092661976
294911184
-1146624295
580750905
-1537091603
969781071
-728085297
-1275557251
1523878169
-542859675
1349651571
-1048963208
-459452867
1942960266
15780641
-1393989849
-112983108
-1894942824
668580822
1757515025
1857791167
-1409415331
232728393
-748881644
120122722
-1539358724
1668015828
-213119447
1896830174
-72827020
-555328193
1249244641
2094989456
1065624185
1433508351
-2093559951
-295001947
-1582382052
-1969372492
-328077478
1871122952
1730913106
-1194077355
78330415
-1672795467
405504684
1135421020
-1586507245
-720915469
-170847319
108884204
-1030104810
-1476872536
-1236120246
-9868886
1225898863
-1266330846
387923621
-302259309
213875145
821466062
1841146359
-96554800
-991019252
-512719786
659413246
-630006732
-1917300426
-1875317361
876719023
351890751
-1045157586
861010121
-793994247
1087290658
1318063769
-200022468
694609364
2018134320
689329310
236391521
972555355
1467294576
47613225
733160713
-1719411177
-1114693777
1550802643
-739850004
-1816559357
101258993
-758677509
-505087556
-465765410
-1780914153
352682643
940599368
1943805836
245054008
-1025356217
953620024
-2087401774
1746853452
-293507546
1821692387
191203922
-1555694952
1274018566
42048408
-1734220620
2116701669
127719546
-1614013815
-693549166
1530249251
556339689
1461262570
527105345
1020481728
-41583973
1901991430
-1998101948
-974986670
213390434
262974278
1637057719
1905194965
335947780
827770376
1769265879
1024786634
-1712177510
-1793393850
-591426575
552823730
-1927470444
-457663171
-555379995
-1612127796
-1841441610
-2013117942
1837299972
-1958660643
-581170882
1974388719
-900619937
-842075195
-1530996203
-248006717
-1999690222
-547438325
-1876522330
1635482770
644380229
1332980599
-723994452
-280030097
1115595380
-1952803638
1637260914
904156586
348395613
788185940
-1544788655
1411511991
-1482644004
-1426403506
-1233608354
-827983741
510917868
-2084122495
-974933782
283971793
1521603106
-1505662667
1632316596
1918884627
-258794933
542430442
-1501427823
-63160639
-1776132892
-1021177841
1700348343
727760797
-2020616544
-801777596
2055676441
224137240
871853030
-559559606
-691866830
2016831504
-16935761
1370768740
2034808008
-1805269778
-1760616402
863008630
343726019
332745993
-221760255
-1700568976
2088573727
549617453
-1817568768
-739090660
-982595474
1337946933
-7142506
-296774955
1765455947
-441223900
-1676657890
-239036532
2013982068
-785693734
303273419
-1455192675
-235387414
-2110217975
-950685800
-1880000856
-588958851
-1939485288
-961736892
1245906778
-1506142861
-32442400
-291951655
1850012036
-1612582141
1788206040
1075315610
1128182113
-1993079333
1653848994
-311563307
-568331862
-963373925
369029011
-112595327
48490557
1177313960
-362585555
-1109035815
267283773
-614322202
1298966006
1324131770
-501872981
1653057186
2081990581
762212833
-899353201
-417137516
1725499549
-945932938
2071957592
1767898786
-1310923021
-379509512
1075995193
560947295
1710735975
-1671189594
-747446032
-533129497
-2055034788
988400866
-957009850
265355536
-287248529
1355000906
-301242720
-1438407672
-294341915
1516202227
-1279689486
94794619
2031086867
-919393683
886534101
1454035381
-1101294764
-1772043265
247075903
-1000418230
2142644719
560156455
1066664004
2056539140
1783500916
1837731344
1833283156
214184682
-1402866206
-894337507
-1002740162
-1006459942
1536036800
-437996955
-624103046
-1536918993
-955863560
-1331646003
2054351916
447469932
-1747172654
-1811306374
1382682971
710616280
-101236925
1928996464
-1316395296
-1211472849
1303582894
-1779488568
-461889016
-616816163
-577115551
-1300427368
-1178040849
1725332775
1402812649
286557823
-1245608599
32319080
-1054390901
-969475345
937493419
266701662
737117553
253426272
-1483311620
-1732918586
621988194
1173412484
-339552986
1075823885
2082372006
657289183
-249410754
-316575377
-142438348
1368249442
1646175691
-1528232435
1767019642
453555002
-746757627
1651405084
590443796
1604280840
-1511813783
224827295
1279601228
-578249323
-749677504
-234396053
-538689697
-549424145
1036006422
-471517979
-1325085065
-1293709266
372240732
-1583528080
-692913039
1231502493
1807348145
-815864371
396790212
220034045
210868775
-724687230
-490075463
169311267
-1376782055
355462286
1601730351
1976690156
-2042355591
-616332832
1715042026
-1729004105
-65364849
1144716835
-232166667
-2110385298
-1676876144
-753046494
-1059801500
207539518
-1652165568
-802261585
241812115
1750607301
2063051748
1406653970
483541698
-254478038
132269159
-550207686
-1012937927
-1991244692
-1789385838
-1243262639
311238539
-615353836
1841285561
-471829746
-150118797
89445399
-152932900
-1914376785
341200733
-525193701
-1178004279
-171218060
1692590626
-1734882121
-1113558982
-1971404158
639060459
-1010118722
2030698729
-1109040387
-1153407236
382692892
215805738
955029921
-1616647984
1058800
349692974
-179629179
1588134383
-1245711716
986355140
-333070106
-367329814
-1351718772
388349801
852466809
-585744864
-827910141
-1384272954
1036791351
-1963500286
-159518675
331059665
313023058
1281603349
-1036834627
-1660826589
1781535425
-466645261
1323825711
-1427035857
-664448498
-1513043702
146369356
-1315228529
1581823382
1500377637
195604821
2088901219
-1413786930
522733444
376270892
-1110766973
-1034978017
-2002512617
787804797
-1673643192
-1053880220
-1678446743
1799609495
893705698
2056293231
1294700221
160377024
394787939
-943392124
-197701363
1818303114
1835073640
-1747497435
570273730
680954704
503205193
-1233070046
1070664165
915671229
-299055371
-1483751174
1633161507
-1315826118
1813435335
1407850357
830709841
992171347
-1968572284
967386977
1401285551
-1427649921
-2128710042
-414966286
-860585625
-2046895979
1053780462
-622507999
351696029
-236368404
402715609
-394618804
-1497213110
-1008791407
373468846
-89518831
830781130
-1477213726
2068147875
1010709894
-2002955562
1049198345
454545758
-1386232376
1153265175
-710006781
1251558118
-99278768
677364026
217514919
1289793406
-2008112858
-699405608
1534439599
1651429069
-2039727517
1022226662
1843363141
-1357465613
-1930349477
-1344017761
-2058875031
-753948103
1679672392
1216524556
691646931
1377197148
860148130
2001336036
-1796775077
-1623445632
-374784427
-1224465179
638866759
1430351289
-2016460478
-1852796780
1360984096
945994980
-1364291395
1945772796
-1498775078
1081414991
-502309616
1401305108
511926348
1862659618
-1969480969
-847220798
-774246858
1995439888
192028195
1310854712
1192608258
-1876599642
-775619511
-860849556
-1133092228
1812700188
1072108338
-1357947089
2116265384
-1720448541
2028964083
-941876746
1427315908
291516281
-768864423
1460521196
499906339
-1744867980
-559067170
697761370
-1026157573
-655467869
1716543618
-1641211187
159671704
-1166275880
-1939846383
1178319520
-1182891137
-1021511260
-109391243
701254289
-709931883
-1879342006
1921391578
-1368996897
1044907060
-1566285691
-756386773
-161129809
-1485961661
-1443209915
-1388593044
899073703
-794897880
2049531682
-2038247113
-111017386
-529385724
716281899
1020886446
-1212238867
-564971753
-2140464446
1681705361
-960458052
1843339731
-530286639
-509230474
-1635170573
-128353887
1564612302
1621618323
-1333387139
-1389758955
407411144
773460464
-2041150451
1245931772
-1927598721
1698241528
-1453896996
-1657371026
-1590830693
-1376663416
1462622316
-815860555
1635833867
1169153998
1758352156
-273062085
1418985287
-1600179546
-1114979098
-1104191674
-262486495
-1902504983
-283909880
-2019374653
1432619368
838456824
-1443386373
-877232107
-1578726097
-325759044
-730254260
-753534147
1718423402
-146352952
149105739
-2065534306
1178933742
-1943095926
-1803927287
2045798248
433511932
190085664
1905034887
141183002
-1702824656
-1001432359
1096043044
-602985051
-2042218250
-99227188
709616020
-936200740
-1924227769
1893347653
-1710690623
-1718322199
1179283905
-1970614185
-698269944
-555861532
647254406
471733040
-111281853
528249893
-1452911246
-1846340853
1090358169
-946898904
-898819455
2051341169
1020429887
-1152243086
387435745
-1152483339
-1959217207
579486008
919302677
-1131626091
570439633
-757417700
275869089
-299336226
-1734597340
-863802218
913511477
148935783
-1431400792
77976416
1485249412
-1079002030
1755341525
1051149047
1934092139
1298360784
-1488201583
-621260277
-87468772
421127068
648234103
-786288490
-1134544645
-715290499
-1130319884
-1469419723
-979461054
28097337
-1734071484
-63483775
944207388
1949448152
-395013628
1934264893
788952197
536512925
898061952
455639375
-1399284587
421621773
-283027973
-899453209
-804338472
1549245270
824481747
1213443386
-39933722
1764390395
758076792
-1734883790
-922565718
1300447545
1847634161
998297578
738944484
700247917
1391162538
-314022834
1825316007
-165743787
292627287
633286911
1285515227
-137349808
-1897962573
-1224706944
-1182449852
-139958327
716637758
617791089
-944566361
123844343
264926228
1141461696
798968298
-44215265
-1143031856
669680730
-2097004074
538931247
296141470
-82034217
1774315554
-1615849123
-127280093
1160884070
-1265425756
-1582859010
1236031578
-330861674
-1477965709
-59345312
-401118394
-443934201
820742340
2039153444
85423072
627664547
-521532860
-688337697
1517131305
-763209367
1657822634
2071403495
552354411
-1155902761
919037067
-1059050865
1206745726
921705221
-667955832
-820576014
-191032866
-1170573764
-948089973
-642167142
2136888207
-886466633
1644726446
-1281993220
1774507043
-1176771536
-1254182860
-1176012632
948446155
1611726503
36266822
-1810755299
834065782
-1985941350
-1925700514
94058906
595922187
1446975067
-252947916
-1106767461
-746907830
-170701469
2095736780
43388065
629250294
1515905017
-1516351218
2024089247
-2103285571
-405121889
1044160219
1070707678
-431202118
-107729875
588251929
2113062117
2058346483
1310170042
-1655567907
-58170131
1822030810
-284672589
-564991801
-1542982195
99901902
-1394090613
1164845641
1262992472
1664096103
-1416002565
-195473924
682898732
2074071537
817943378
1164709782
-631142570
1777615879
298001247
-1907514066
-1495375382
1535229249
-1968639554
1592253489
2101612846
-525750718
1485441861
65152989
1186675426
1990122148
-1265110507
1946613817
1320707567
2013070229
318446123
292273749
1035512542
1848932777
-235470896
-905598789
-1529835447
507163970
538628392
1429077540
1841969746
-2092957259
1279633865
303717160
-188157934
515066951
1586111982
694221335
421676185
-1645502628
121695131
-860073965
-135536971
-1064134595
-1717278754
1263211066
511002311
509317929
-233316959
-380628274
-1306486381
-1065507162
921227393
1133591589
1011250653
-554319304
791438582
990882158
-1347681090
1915491386
301785981
1966311033
-1696338644
796421400
761258869
-1201748796
1369594793
-48860512
-64610714
1832409865
1099155608
-198656812
-1307305914
141889435
933339403
578489590
-1967751902
1623465329
1262998227
-747497253
1908858142
-469222050
-1053945560
-1213496500
-1353935755
1271082230
750038513
1274515176
1771355069
649530511
-2120628666
800113893
955570984
784120674
1017825052
58413288
-52672626
1569524223
318349368
1544165315
-352453510
-1045500741
495178689
1200106262
-796194009
996184453
1088944917
1173375146
-2124204667
-1538516161
1821785093
-1504740614
2085695307
-488064116
-1885196511
1631266019
-18712690
270128930
-1527294502
2952652
597069083
-1646412065
1833944543
-357746338
992178405
1242824438
779127272
2038371594
2030290816
1440466841
-1759334794
-1213850737
-624790543
293229046
-1974683930
587785949
-137617849
1851031605
1825508847
-2029626393
729192723
-760331414
1054141156
-467531578
492842263
-1043502342
-1167011756
-1957120296
-497171657
-1941505180
-1432145833
-1598692146
741295827
503288546
-1611466127
-1294729714
738113685
-994787452
230182393
1168158639
1611624286
-2108925358
-1510431185
-1703428458
-1653788990
-61999464
907428330
1120062994
87212775
1149712077
-127257409
-1148897278
-438040887
-357280596
662589225
-635874944
-1754826424
-1509454102
328074683
-1945313473
-384048006
-381506801
-565035050
-2011375653
1201503574
1576436748
451605040
1373017953
-1205776169
344897611
438450674
-1501474873
2041761486
-110436631
-599855863
1653495662
1163534940
-301922351
1135412881
-350696795
-353217093
-73778880
-367588380
467149529
-1792600090
1502317624
-1853480457
-660200345
-270677640
-587049628
-1479866739
2103303440
-857483293
-1962372766
-80918511
1130505351
906980896
-1588736104
1421113381
-463654293
1815768801
752805003
-1494050024
-455637487
41337998
-1879978527
1988719325
-781979452
-1589796256
1158348304
-1919413656
-1349865370
941701725
-838836964
1390180667
-2065879994
1024894378
-1971993597
648725701
1991938235
1653529064
1902870862
-722876574
1637943029
-516308925
-1481742752
-605604557
-1887805942
-1097663926
1946132749
312388045
-641125327
-392688303
-1385201787
-1090233017
1765319502
-54464674
1645736116
1869629938
-304606827
2011654324
-1790864518
1783951254
1033675342
946125248
-1898807686
1082845051
1882751456
299579050
-62818443
704417637
352970172
-1577563849
425585086
79356549
444974094
-1471641894
-640422138
-872942365
-845263079
58634091
558414957
-326219767
-1935744079
1455435462
-1373111416
64004587
-1730627522
-999534080
80447641
1750908580
-1373649095
-1598309921
-1408269395
1559868345
230902355
-1930715811
-1537127232
-334024958
1141904524
-224469975
-1212642483
-918916813
-1589071189
-1650385189
-1412977481
-1305534954
355495555
-191255785
-1719468842
604795965
-604016101
1579130943
431114858
1819985897
656448680
301908315
1598214492
-1183901076
-1917490593
-760094514
-1080368390
-1250009209
-607692568
463363873
608249367
2001256047
-1072289866
1684765752
-1802780920
320847374
1442427645
-1005418339
720872525
-952241306
-1720924474
-628134109
1256732690
-1322181003
1864820353
-1739287633
1043370417
-351571837
1655257518
1378014862
403933395
1426890553
-549488029
253320074
-619644599
942971649
364917705
-1718362549
-187887573
1191451470
1985589089
-1669226938
-1589043567
1203815459
-962460086
1276521453
-861458018
2028661099
-920568947
265581636
-1708251341
-1117329219
1324167504
-755518353
-115135707
-112479272
-245201498
25170836
51958095
251992332
-267497908
-1125637188
253956621
-343204526
139644909
823001417
726835112
-977007859
-138980543
330935223
-900228165
-318783346
-89682789
1953101077
692312706
-1400634017
-699089005
2141771309
920541124
-899567060
-75624494
172823539
-1348352192
1292231674
-1778532742
-902345291
401614434
1043772285
-1511111607
868202400
-1812633283
-541070545
1002739000
-2025616906
1032730968
-2078955594
-1399862359
-1297096341
-349084927
-1031267882
1013692422
-1070732717
1116856937
1088902835
1291586996
-1666522125
-204501334
729333973
-555370355
798880711
555302456
-367437322
-79633774
473745412
1877164621
-1578907611
1394243926
-1539921418
-584652440
1885261146
1925020557
1813565644
-832403151
249526105
-1830960263
1646740423
-223899148
-1634872430
167259036
-2096299239
585018512
1623859557
-1615827288
-677479586
614596361
-261532625
-1024219378
843953682
313339849
825143041
963470308
-1800282593
-1291497915
-1450611507
-2134150284
1403326125
1146182350
-505149217
-149827590
1270422705
-1922000211
1114736274
1054381926
-1643638511
-1860945457
-809710645
1307944009
-551724297
-710480094
-1610845057
-1255206523
-991332970
-668350053
-1340414310
-155824520
-1046708200
152513501
1276397963
-1020975054
1478134409
847278750
-1832757089
-1576632537
-771786359
144719629
-366682915
529180289
1423249070
-1895199951
-1096289141
-2004669256
78984261
6780656
-436552833
881438956
931705847
-1034774102
-64687978
1184318157
307454151
1827234849
-1083951933
-1868073546
-1838087373
-572248226
1644953835
-1928028507
-908305983
74053805
2008089950
2073216543
-1493652841
462408683
-616643187
-1987506517
1374085618
-123876077
-1578110727
90470095
1300278985
-1675178103
195837221
2064192476
2024388691
923826930
1317977676
2088147415
236704090
775013881
731676531
-531138347
1040852598
-449756111
-408652648
1230013941
1301553285
1930385691
2027080372
-834637538
360032666
-1759759191
299780566
-849394469
1571119237
-226201491
-230418116
827083931
1069672923
-90990051
-1837472798
430329180
947874372
-1520864635
895726799
1221878404
362226620
-1533320333
-616665961
-1134735088
225073117
-1179918369
-939694376
-984966943
936754500
417735314
-1325387711
1117555653
697097117
-465175057
1629607549
-441387738
668774175
-669214943
1463647769
-1761964512
1434333816
-959075559
-142485574
1243301401
-228925434
-364756645
1533849688
1785672767
999434824
1456873541
1198727896
-1809772542
-2062053581
925019443
-96891166
-873658978
1006618205
781829092
1542330824
-1205932436
232617585
-682306939
1513786621
1329896710
484217411
1874844288
-1721995286
582916602
914132775
-1279307270
-165368428
1537255855
816606411
-1892667881
-1311905964
1453659601
-2101924657
-1308013927
558371098
-2074582305
1679266605
-1058004183
867503782
-2119717621
-256721926
-543921393
-1267976543
458140383
601739494
-1749610352
492764819
-1789964155
-333716675
-1810851657
2116161524
-94039339
-2078584796
-326435159
-153694510
-605876516
631805249
282998668
-1021929570
-681011959
-645502902
-854028479
2085437139
1691443096
732926493
445365501
-198803222
1918769724
-1339537194
1012691303
1521671176
1226028438
1303620432
-1587943279
-792860702
754226362
1571647944
-666972517
-1498118967
1089866510
-1100928233
1703752734
1601961646
1832197483
-260883438
525404363
-1153826699
-1845935349
-700702676
915840463
-279786811
246702930
-151338104
1107579293
2100531985
-1226910084
1157649527
1366882029
159729018
-504257489
884882689
286251459
504207375
-74004701
-228024715
-86831467
1638764641
22742104
-830417646
2097844644
-1475160491
223796765
633822388
-1649750972
1022205476
886528378
1281021241
1722417370
-69095956
-1400726983
982561113
1961211212
-670863817
363784541
658121809
-1168259727
-1402370624
-1538521534
-1438019127
-1820171750
1137719470
-1169767074
43748208
802317075
1447209605
731490594
1801655977
1162190757
-779519847
-1713766101
1138738122
-849159028
-1746490760
1384983366
-41301026
2141848316
-798159788
1584283332
-233198980
-1017830650
-1816875245
-1607263825
1751711885
-1787572778
-1583347561
-1026450392
-705583233
984449277
475999238
-1914140515
1310583013
-1668662446
-1752484316
-1211740307
-1243297481
948203701
602597132
1937214458
1867000531
-920674015
1716219280
1877713789
-29549982
984154787
442629008
-2119515051
-1621996456
-1877873787
294872200
195860916
-1097282952
-1947345529
319305150
174486503
-1659162959
-2063829079
-21903770
514018083
834871881
2091910913
-489210496
419069351
1727206828
-1903183868
1280791130
-289148174
1785978136
1332642600
-732946305
-624661028
-616637632
1633168343
919173443
-1870529776
-369588650
-1485758632
-695170259
1894297230
-1057875281
-869194015
-1155688968
-1305955959
529761299
428506126
16135342
567673397
-1171840259
-169989879
422606464
1316797139
-858065640
1224449480
-792882159
-758831566
-145162563
-167019690
-2021762571
-1982283251
-776433105
-6216851
399937947
920834974
-103585246
-70435662
1379763828
1372966477
1723312428
-1418154565
1180072162
240280366
-1171812888
-1217241334
2074570042
-2083655043
699254171
-922317774
61431458
10007357
2005472059
-172894603
-486509431
123878791
1798579298
-1538044263
-672593134
1112732520
-1193049204
-243791710
377140689
-252447022
-1807556061
2124671784
174452710
-588417906
1500249325
-534815236
-329924577
715826677
-1380506982
-1649257528
349319716
1850836789
-2066830528
1770827641
751956080
1005488926
-45772353
-469712889
-1058874971
-720043141
1196589258
1038181266
-1185994506
468747949
-207265196
-453876558
802833067
-1618237124
-1855296859
178822368
518323194
-1795887772
-116285646
-1610267690
1197878718
275734507
1138596012
1048380600
-124055478
-324717255
752598935
1105199937
1544589055
-543837861
-1401233926
40747221
1802887737
817303833
-485817504
-34366470
-1943912089
534602297
-223868310
1491671822
-549767430
-65287843
-1145071023
1133417643
840201592
4015853
840604311
-2062533106
2137184465
-1567931563
-617164655
967523875
2087223994
-1615534858
-1964795868
57808853
937697905
627620475
-42190592
541010978
720674705
-1652259843
-1990436780
1436351692
1363839606
-908868912
444287112
1359838490
-574088676
-358190752
1783303898
-466377128
-782185991
-1032351320
-1904977204
150590015
896088518
1721300036
-1140614391
2098105518
1675358769
-161537087
590207021
1339129981
1396396403
-1492413715
1849677507
-1371801885
-409100564
975691501
-2069983967
-942586777
97134899
-1127417838
2061152911
-1040602396
1841229189
23492576
1206540919
489369611
-758518876
1697033606
1856394021
-1662598178
4595441
-1934728797
692213664
2059646775
1524557903
-1920562919
-84458173
-1174175169
536008640
1750636697
-1086971490
429401353
1865433851
-1811793646
1578982286
1715805106
129726196
-1414848576
-1261295222
-854918759
-478860276
-1445251620
1919392619
1220381478
1064120488
1622070612
778531438
1511562921
-564241904
-185254265
-938556627
-2074648378
432143479
-1657356846
-720079946
2032512267
-1141633892
1486243760
522581903
-2462209
-502525285
1157519608
-950405616
-250702986
117674684
-1755899556
-1459274351
-1555609213
-1897778897
44674882
-2083458308
1226514764
-1055560774
-121742989
-77693351
-1855998151
-742999778
714334829
-50525780
1849488895
815692737
-975479686
-914485392
-1264459696
-1905105242
130547063
-2103881780
-852986941
1500444740
298876246
1682681114
-577793845
334142852
-1731345252
993902185
-126545802
-277453481
1053879012
-159003132
663847829
-1409323882
-1498056026
-1167982537
590143752
-28005636
-1101183680
1142133765
150372957
273447
176822676
-604972687
-2046815569
-597663785
-796758584
681077820
-971512390
634159194
73578449
-1813152731
770059854
-1468388399
798206183
891365595
-1776618777
2102774983
-639353542
658713622
1956191749
829982615
189584656
357971032
1220014808
-1696354431
580164038
-64935942
2054740570
-1983736980
-1586916554
1542832451
-1044217810
-620400892
-428971888
-1174152451
28443611
379061489
445326499
1120979848
645944390
856357943
2056307745
1893325461
1106361240
-2146589595
-434154438
1521932562
-1019846383
1165971067
-1402370740
-1120784338
1192739750
1623919676
1590659990
-1949873468
262433148
839896532
1777441848
-1975582458
2043699715
1376062656
-2112884911
353585119
-685081305
1978771188
-747647002
1504855953
-1074350303
-1153883601
-345903028
-954955421
1336455373
352446544
-861587035
1683715164
9102900
188925478
-1219480584
-584610377
99194871
1685531145
1199920040
-1362982047
-168278738
2086651398
-183445455
-1216951935
506813394
-564766429
-1012426080
968826341
565736253
-1013366335
1438723093
499771233
-1333485903
-708363977
1138277304
1636591508
-1547503717
-1593777461
980123646
322817086
2112996927
725851526
486772833
263885499
-1671248313
-652159309
296290925
2022325439
-1540729711
1060618405
-1124660450
779608104
1862351011
1830373300
-1606135899
-1192949961
-2015291240
-741245904
-1056519564
1958797817
-671797415
-482679510
1580384855
-1974764095
-1953900186
-747358989
-1241050204
435848910
-1651084113
-828131875
-1978547451
251421113
357283632
-1411520633
2000420174
943014159
1889955695
1654829899
289613749
1597285702
-1747176601
-1279275763
1029391776
-216458870
1316868365
-1149953032
-1541248505
-939447010
-291131264
212083129
176516046
-1070737569
1431118201
-712244927
1967222442
908301822
763712044
-1384923575
2038190187
646640649
-664059712
-220748427
613816171
1734467776
1775523135
12004536
1617774093
841663038
1064450514
-352159442
2005116064
1608349837
-1901121868
-86428161
-1089508060
591234949
724312239
1001958847
1833170582
-1442465290
871765850
1606022271
-1023953755
74753778
249360139
283363392
1999652782
732669212
-776472480
2140979827
-1723902669
1925996840
-69832360
-47283709
1056022542
-1439189784
2055157683
1989138613
1711751988
579118563
-1080920375
252082787
-348045805
1970186195
1423459584
2107837885
44969299
-2074497241
-2092499282
-1909946268
381879442
-2069238658
-1219100108
1468489538
174376785
624016838
-1376941477
-1048887571
-1461884556
-448249638
2025408317
1146663556
606280585
-1373962144
-1650838326
628380404
1970153379
-813204481
-1494008134
-357043330
-680567525
1211256033
-1346550839
-536840745
-643268701
1279616088
2000371011
320126831
-891821435
-75062341
12055964
-1796002909
310713541
1998470281
2004030288
-926315327
864721683
-697179207
-938821399
460677116
-419744578
-1643627914
150028309
1016940761
-712596320
-1172218015
-1658442523
-1463209008
219660011
-994650298
-13626042
-1781182052
-1195455007
1182371023
-1603387684
26158876
-478175057
124919644
-1465935060
1615630420
-1186018510
469675893
-565517747
1328486084
860365266
1570635169
203132397
692479934
-756049705
-438154416
1695942625
822175943
-697644470
-1571970254
1244529898
715437469
1981816046
1314143589
1595552313
-2058380175
2086221478
2083608580
-801532080
1749396442
-498986215
-888844124
836570248
-1369655636
-906517595
-1173916192
-1982266996
1974467156
1872412697
-244476823
1176081372
393916017
-575180694
1250695612
1070402229
-1500734729
1396268331
-352001630
858268290
1034835572
1862530343
183645106
-1243485829
-1821365031
-1853483871
-1466167501
-502251514
-113653366
943972461
2001006751
1282402887
-560066438
-1980700487
-1518432477
659656394
-1080065592
-1429288451
1745851875
-1080453405
-1890851657
-173385221
-127028895
638711778
1653036926
-807091143
-584472199
-923661141
-55340756
1696135849
-2176509
-1209463820
-1837144498
304977706
890324744
1474658083
-962360580
-1697737990
487034696
-164654708
1154298624
-1633105292
-2037682507
-124893473
150647998
1337027093
1698889482
1433565805
1078797742
-1998787704
341930981
-1174570272
-539741514
-1586688408
396912111
735598009
-929186989
1860143707
270290237
-1121527988
219903263
-1118534163
-1702321953
-1085646783
104737390
-1676464127
1036786526
-2144526768
-944390261
1618419912
-1943832860
1402166772
377597233
-942032903
1555195705
1826967641
-1093726747
1777346116
-64678118
-1204620435
1582989216
857652266
45378202
-512931628
-941896936
-760258479
-66223849
-2062260206
-1155649484
71709583
-1545071920
-1282709614
-892154254
1562682407
686017587
-1609258788
-291643778
-1957308906
-581219931
1777052396
2132796744
-2097315685
-1141391544
97070277
-559777118
-275093236
-1279646251
-1371870733
-400174800
845979539
-556535315
517400438
-1678005026
1132779734
-434197593
-844372103
-1184993139
2038840578
-184813272
-1172843003
-517842858
-1417015446
577534835
-915657553
1696231738
-831455654
-1337543363
-1858183842
472647517
-896764463
-1473901197
2119174038
-1412180239
2037268067
1699193266
493605640
-1281996602
-1584808379
-1832839373
-989186321
115405789
453384470
-1934875317
194862647
-1088686758
2027426873
396449817
558421071
1120709350
734174641
1769151986
-629430494
-2051806636
1531621936
-1594640484
-2104341706
-157442333
578036912
-1957889343
-436699217
-319456355
603950348
1431141163
1576723567
369348793
1017765935
-2133747868
833215971
-1747925847
933783440
1673131103
-1799120244
414930
-1039668721
1548563391
-1882697124
-193345082
575408449
117261466
1972617878
186640689
-324638633
497462564
612428450
707220332
-924899043
-873628955
-166526116
-1136256328
-1947417060
-1240095367
1825673942
163064364
1512193899
-46387393
461499959
2042382602
-1465291741
728802915
1605614280
912328263
-1493567566
1429642783
-217270261
616590434
-1643730498
1287811086
-1431623241
575933657
-1119895848
1380624540
1306633615
-2041606320
187144231
-502310097
-1119875140
1239400224
-1045218844
-255415349
863092989
-42258645
305391139
-1383678167
-1363422100
1590524145
-154321421
-997908617
869634478
-974110983
1273648484
-1057627746
-107511526
-158704928
-1609948831
-500680527
-16747861
2082270394
1994379423
528426510
-241817864
1157540803
-624129076
-1108618530
-1093881735
1069401762
-963561066
1207791917
-984510894
2027003887
-1248573934
-665037419
-1366195861
1119233866
-1277990707
-896943215
-1011719850
1331964665
-1031206322
-1893681012
-1191246739
1427313707
776053369
-1312123045
-607378051
-541110347
-1571204130
-979136210
-1200689748
-1271800180
-1942252998
996207826
1559554799
1035366457
-1148006238
588239393
1433687700
-1313951672
940214706
981102288
1095849030
1782423002
647165267
179945405
385905196
1992833125
-932312414
-810370032
1965949141
1173612844
-1256422170
-486092097
1863706457
2101340766
-653436165
-2037999604
-512759346
-2061611525
-1668727193
-901995772
685929394
508936238
364303993
1994824447
-121131664
-1838483590
1032693965
361597659
-1052592929
-1615934177
1873774911
1328160282
967796449
1401575457
861415691
-1482025599
-464492673
665350850
-2015964062
-1928020359
1037556008
1933315894
103042300
327438037
571577770
-797993644
355329181
-1037526838
743291113
-209547504
-261935166
-767806458
502861359
-1663124205
1803717771
1165449386
788675002
1980440262
-154454182
-1193036458
-1366195873
233139283
-1288983471
510095660
-957437214
-1289382720
894420437
977147535
607039061
-669839213
-116887244
-1800872556
-155297137
876953836
1945222705
1753951880
665657508
38074506
-1235380976
148573080
654378854
-2032284695
1916287139
-2027208551
2036661898
925912696
-391474557
-906737516
-1903532814
104529059
-1093950019
824353135
-2027934578
-1013405676
-447093289
1523917733
1206174987
-1163646268
1372388466
-704920405
723202151
796028197
210813601
-1127645529
1325215391
643952311
257524383
124394906
396632700
-1792678789
-109711587
1141617676
-1896806807
-529519016
740235564
1661556867
805232252
-1312483647
-374166193
1724609916
2031099050
2118517376
2121740086
543655989
-1075691502
-1665448738
-517945862
949612859
-763749862
-1111944429
-878592606
-1755324137
700275577
1217000012
-1510360927
1425004053
-1053376664
-850205527
573149524
1236226741
1121340363
-1866634175
416158842
-2121617656
-1540848308
2071246059
1069708781
1855453326
565384157
-749847210
-1879038893
-862250188
987936304
1694153069
478569938
-2024157764
235138751
-1845403708
193940696
1347925043
1684655823
1933536762
2145303077
-475370222
1597494199
-10019585
2078308747
2045000440
-1012186043
1327330932
1645828809
998354652
-195753975
-1035053974
1496104183
1288338325
-1918834427
1749129102
1649807775
-1226457289
1037356459
744534024
-597794476
-1435241797
1518726591
-21955942
-857147985
229966020
1230089282
-1781797411
-655191247
-352662524
738080788
108003500
-580084410
31544868
518430824
-1550350905
418787808
-1982625651
-1693512890
-702628843
-1639777663
-1030540404
152648714
1288769856
-1122135655
-207927386
-2100074013
1756339967
405558088
13439603
-27564459
1134904938
-1553570041
-650041945
-1022356552
-907148373
-1859493234
-1958645748
-365636534
-898921577
1958841916
469852306
-2132628945
-1126938563
999155746
582805323
343503398
1679946444
988725472
-453028203
-719641211
476121677
-90329404
2119267173
26432431
1099295230
770614880
-1655755751
317946180
945539920
-608225950
-2043711180
1784338784
-104635198
1327049340
747035470
1285490425
905834118
1682087946
1030477227
1236918363
-1811658920
-382566738
-1183012145
-994059686
1107925505
-484754659
-1075935966
106668210
72757554
220796235
807209902
-394269849
360790310
-1944190905
-1630516406
-547532251
310156047
2024938573
2105826704
632979551
-983097306
-1950947986
-594024212
-1044548108
-151682122
-1554339212
1155383589
-2005708092
-1383386133
-1910002333
607191457
-1792246414
973717467
-954131813
-1611518989
606043434
683368929
1053232235
-59167126
1398937603
-1239726963
618289505
268009470
126346465
-1367623981
1600428358
-1426604248
232748372
-1097386420
-534568737
1053004672
-219088269
-566661185
-520516653
314946421
-1078518886
1287091473
522080223
-1131580991
-174768728
349237061
570373671
-1621067030
382273990
-2140287167
1549707682
-1824013631
-1058699106
-96750876
1105474357
1220321763
1883833543
949272888
188427231
1791763258
-2078324370
-1782077302
-160868093
-1505328773
-164917116
1413831467
1052709226
1185885016
1771265344
-1367330401
-2097132127
2089881714
349335880
486464368
105180477
1160024762
1749049589
2074542932
1566995629
-1891888821
523402739
-415132698
1805841059
-356546546
2112066112
-1687046386
-392342783
-1936368051
911242192
1649895488
-1117843892
-1708559173
-1860973804
663460347
-1597333181
2116397679
-1538406126
-1902873418
-639546190
-21698615
-11504506
-1452716731
-636276541
1583774712
614224296
-1020754063
364702107
737170829
-2026666460
409342679
-1134718237
155281537
-537032739
783899559
-1187633238
1806191283
-1767652091
-139625123
-73637316
-309109351
676491735
-1893323851
1414115166
-982987963
868829999
-2114903999
954005067
-1489742020
837971671
358646892
-1475132812
209540004
-525118214
303415378
728743910
-212076686
3094025
-308620554
1647932440
-1826168823
-750479284
1767407473
-686797419
-223496434
-885274824
645684442
763097079
681177458
1811832335
1834575728
-1088073763
837315826
-1029176222
-1033456666
774808546
-1676230040
1785453413
-79298075
-1310587177
844868409
84151691
1387730181
-1700730651
-1056726774
1507770750
834312284
-1365569828
-1130643266
-701584484
1662811230
-2030006038
479364297
-1904507003
-637890364
-2042266583
1037407972
560582843
186021927
504286520
340861705
-266737340
1975868264
1051538440
-1163166546
-2104177182
-867232660
155373773
-534684275
-916860017
1661515339
434310235
-2007343247
-1713312238
-443754058
-1107710439
-2079780734
-865170224
-1956841998
417207457
701429402
1842410064
-1846098154
-568537119
-1862742160
1075925703
-1222295966
702570655
-317050218
-486208323
-983469824
60024993
1804646855
807616445
786618533
-868186887
-521490522
606561638
-194675329
742678563
1726902121
-802557424
769619057
-1455398262
1625700230
-1291495615
-1208822622
532432360
1304375046
1094499164
37554053
862403409
716928967
-742010212
-731119064
-1835638770
-804566721
1006847315
1661147764
-1477441531
1088090809
-1977452146
-1686274599
899939077
734363198
1499925021
1895243001
-979429993
-1593976504
903413481
965880729
-1176214180
-408985916
273173416
-131759961
1733647095
210165469
651641153
1122204339
-260789999
1161773380
1464194368
-1867332735
-105559539
-2047075077
1568423909
1426522218
2114873168
987099514
323742312
-144366720
-275347784
476993591
327771117
-657958490
470393564
681722781
-570518820
691146061
248362107
-1299513722
-1004377898
1292100852
-436701455
-558226502
1507609322
-1696835499
2127729889
1507706197
1965686610
-282975627
943034454
-1116828167
119587810
-528429250
812750152
1477994733
1526968910
-1224979935
-1023667961
-1755253156
1405291846
-213854848
-1593969752
148798298
16504987
1567123366
539568062
1286118622
-509522542
1861637576
-1506527346
-188377467
1939073770
-1632320557
-1805781978
-258520632
-638729444
241866071
-314970233
2081564242
-998890316
-1751892637
1688701836
440984600
122202933
-1775369720
656648720
452808014
-1570260629
-1422054264
822911059
-848231463
2029143763
1347282740
1808791142
799194155
1309236136
-1462643993
42021778
-550472177
-1112035366
1504431240
500728379
-830182028
599427352
761193099
1622448985
1958302464
2141533576
-1679194735
-702641620
2082917032
-689538216
8542658
549614034
1127763505
-1324409403
-589015570
-1832418038
-1928457054
-993994373
1028935283
927161813
592312731
-1911437662
1353037150
1253261505
42760445
-2087801828
269578047
1901455007
-785667492
1324688991
-731560195
1145974121
-1592344043
1673242
20743962
-1215093934
1732533968
459399146
1493633626
-375702541
-86312707
748106348
1767569350
789304899
-1017915793
1588801777
1513446305
1805809400
-1906269091
418445376
148855826
-607543092
-1925143177
-1820059368
1986394044
-309121529
-757694320
-2053229569
2022624423
-1484141035
-2121983201
-1898967357
1888244650
95131067
-822645542
2077616802
548525571
-1095710953
26811800
1157834700
84150235
394411116
1921925762
-1797815997
-1570868411
544277874
-1859375240
1860778578
330893685
694644584
454498700
86036956
132280724
-185729144
-1132361340
460577893
-607047951
-99805518
754425436
-1521111400
-1263779494
392260113
-1080041410
-554816588
-1799008428
1136376327
283287399
-1235061725
-1373429905
1666159062
-192409974
-1645721580
-1228273072
-490876280
901587750
-1801978986
-830439388
-2019660924
-1548003034
-1272519374
-183854669
-1041456470
-2072390697
-1088919194
510870586
-588796953
-726901610
-694131673
-2057231337
-1985149439
297167608
1232959712
-1851353498
511500753
-878838580
1117572859
1756971703
-1583222117
-873831014
-944646057
1763067746
88192042
115967500
-1838971829
-18475366
1953473953
-305861591
1153142563
-1302047723
-1344750560
-1122508836
195138621
1024058603
1107312112
1006763382
-471034297
1300154690
-1096699152
1593910016
-1820842499
484348819
380888912
876718925
2038052647
1853980711
-471178391
668109693
-732929135
924886721
-2051015874
790485891
2110649137
-1641428688
-233366867
1238727527
-384868761
432116391
1329665271
-2016006452
-949341012
-886418342
-949515552
1492860121
565680015
128366605
1374440664
939397453
-865620359
-2080978414
1065585604
276605951
-2082993243
331973188
1846643837
-241700509
1002579716
-475496512
-868335197
-349379306
304171314
-716711339
-218997051
-482925265
-1146608122
1737461947
743447698
174249566
-991196350
1426701485
1332527051
1513405517
1936803912
-1258674637
-2115405766
-1285936803
-1473016807
130863731
2097550099
-1600168222
-2065889253
2140274819
-1631572163
741389608
-396256636
-1212486378
-201405640
-1291045882
1314941728
-2002050266
-484263885
-1790403286
829641359
92996931
-1350485816
-1516615850
-1245126468
1882683198
-1080791333
551920793
-1075221113
-1519155371
1107393188
-1988647442
-1452057292
1539133730
-1118093777
-1784373592
-926313990
1198659873
-501928335
-1268512249
-857646627
1772084016
-301089997
-1145277128
632562613
-473245765
617652369
-1868789295
-533415341
1954618087
-397924471
664247805
-1913525188
-1715999950
909116377
-2062620468
1171015247
-1277058054
-2041005490
-2140055412
-104771701
-1690832914
-1542224662
1379320593
235387214
519705501
1669595071
1678104059
2114024788
775133169
698193409
1427443331
395822849
141082181
751775583
146006770
1228154065
-67003669
-670682036
145111465
24620203
871497816
1372387044
2085515211
1934043155
508807629
1817322471
480510478
-483201628
-325285191
27152205
1771070602
-283000652
-1110727076
-1578769845
-1205398898
-2069030912
-170018385
-2025895337
1789151381
-60853912
-1727760580
707093883
-2018528252
-1692880186
1196827138
-831003904
-2136978708
760067021
-716821479
743474986
2108795458
-1016888602
1248554917
-542585468
1980239488
-1520528059
787732147
1861383843
-1577876087
-1535411881
-884145988
678184800
1949652631
994556595
-1115281717
-1863446270
396490765
-262415457
-2108835413
-1846208338
-1793175478
-566951563
-975225922
-2074496187
-617263195
1739702381
1788587930
-2033947306
1367171679
-604914176
709713902
-942627307
-1873570396
1992906181
1051389374
-921473705
1703640157
485689603
-1817533553
-824150859
-968606127
-334305671
-774956222
824452663
-868043984
-772133450
1779697082
1815357436
-513670827
-1097531630
-142843597
-1723096690
1754989726
-757014341
357315517
-1597603171
38730429
1088040139
-334632870
-721771103
654368365
932984873
1985305665
-1454452046
-277924022
411592525
243856739
-1123914348
-2061784671
-1406719977
-454325754
-539570465
-1535531254
-229487881
1010184075
1378844103
-797121152
1397662665
-122349866
371849223
-1475184728
-2112062635
1629165479
-1391823113
1217888114
-1911616902
-1276648576
-789856961
-1175154308
-1410527651
-1906802044
819354846
1161041552
-1890309898
-1125505506
-875774484
14298094
-2086217616
-323567274
-1293040252
1830179468
914712245
928991399
-1725986660
-902037901
-1948273254
705483479
68348570
1970457145
-1390570810
-1880194875
-1616883272
-53873595
1761825688
-114259912
-1578448930
1205705925
151471629
1458077128
1240685837
-2013524934
663431896
1613145154
-761904408
914394955
2044588191
1880925497
1692296963
-1044423891
-835346875
-1484895147
1869921863
-1652256673
-1849743912
918788294
1893182805
-1452260531
902359917
-127195750
-707061885
488444347
1395907093
-1848510924
-802055675
-123583040
1297933710
1194843222
1935010098
885592707
1750832540
388696747
1227189646
-672494880
1503671597
-1436602859
-1793291581
-1473630685
2040326673
1444403067
11989705
-16641226
-380616363
-813543135
1613706892
-1085621159
-1374033665
-983358351
-1381866958
49820760
1788962367
-923229049
-1137064897
-1412525371
402864006
-1848114819
-902456704
1875672411
-269072900
-514547728
33091225
1871389944
1277548303
675609830
-273301630
971999860
2050633056
1925364664
-606921571
-756111482
1879711885
2090711418
776155081
2104567897
190923774
1635890566
670202893
-292057018
-1767718398
-201036557
-1810537155
292704339
424983593
-103503025
2143564140
-1301355496
1540302258
1100621082
-219336440
-737350570
-1414202100
-1845091767
1570998271
-1910910869
-836631348
111216444
1576461225
100307591
1938550834
468691225
1011801657
-2073106823
1841028945
-401973755
2135650825
471061882
2074146422
1643744480
-114698120
-372802498
1061732375
660506061
-444152395
1945753088
-1326361837
1713086680
-552827076
-247833484
1277176019
742486498
-1153537710
-435889135
-701120028
-19656715
-1388520513
1109231977
692383215
958249193
-803591486
2097840276
-1294787997
-1423648582
-1908419964
-322014945
832942495
-1515036069
-1267325181
354202660
2028840317
-239584722
-421040574
-2135879246
1412871543
-891973773
822989531
655965155
1417533509
757773243
2135794439
1702751591
-1657404701
1174788842
573861664
566102680
171418673
-1447227852
-1260477797
-1230414276
1468492056
-598560969
2062525838
-1027513970
-286787763
1477265808
1694914436
-431802483
-396860746
588667972
697449005
-1821113532
-908090834
-214433105
1143024786
1638101704
-976812181
-291177149
1765598227
1754126699
-1799157474
2067630053
-1032881932
1433132358
249826769
-1651524620
411802832
891325952
676224522
603520441
-1276553904
-2085122534
1545648904
1991445924
-681977037
1341262560
2079184865
-503077558
-825377913
-380160492
725745110
-4407144
1786493261
-1683121828
852290614
2066060381
1309358759
1795407802
-727767687
2086269548
-889163731
268397399
-1128414536
-1844078408
-785154892
-11686717
-604177966
-1515392066
1550703037
-1013246711
-1970365481
-1602163052
373019487
-1989856496
1141184385
-1039958853
1786037954
1084007583
1580360878
-297310854
1411166372
377320945
1072549440
-1053921951
159839273
-807080698
1409408361
1512585803
-143458367
1862488940
1391488119
-1301401281
1503715034
-875744103
1079850924
-1289715794
-1167127857
-895798075
1183264396
837039693
-886069528
-657912206
1082840972
2008654054
627236531
639262337
1316140604
1222798157
1932840030
1737689710
926004262
-1770638182
-724038468
1249132646
1757126861
-895892130
-963737384
-605723353
-1123516886
1427207141
1140794144
1449409160
1246669007
-31174152
-692107060
-1832994823
1312562481
371481001
-1639454780
-1985520637
-1234475748
1861911788
-337617808
1020090115
-1219274972
458380786
-1411968019
-1676628615
837310208
-591586970
-986635079
188310769
1534388772
-1622758103
-1526703001
2072321714
1932821521
-539880272
-1863580918
-2040898102
-1747245882
-1596808627
-479228924
1853624404
-474543551
-1933990059
1048414332
2137203319
-1909914481
250679164
-1008694356
1821189036
283299261
2016576799
-2023903499
-1358113944
-1222657244
1831605713
845350324
1771300551
694945163
1626915869
-2112281923
-1165658816
-312189874
-894825744
1524144355
-1455741461
-1709584308
903528950
70654094
1068030546
-2136326489
-2097513228
-215835054
1939172167
-1176219273
1826374679
-1086971407
1595137013
287179182
-790318220
1358145495
1420500243
-1385360066
-297097962
1763371095
16333939
1615452234
1974535620
464673041
789306111
1817915235
-515835802
-617288192
-1204127806
-165314794
-66426969
-1068558947
492010447
1860909629
2115038226
-237111179
-683395986
1964293447
-1159632617
1711600803
-1241846153
-269455764
-1298856702
-902468307
1179792835
-203741135
-469859225
-739900293
1865401999
33923926
1343543353
2066108682
1892045536
1964486680
-470977290
-1330526074
1003121677
-1432997622
-948901531
54699951
-1697464661
1236537539
-41602118
946868392
-1046721247
-624216411
-1199453086
-276782209
-2030756297
-585753660
-1034334417
-1649684561
1448936525
1138880344
-63611191
341584482
-165687584
-824407504
-1085618334
852391966
-83533305
-1095683902
1035426758
11379219
-466664083
-631941005
-1602833124
-1159781577
-608336478
1570080085
147266592
-86631663
-1153290056
-540412290
1351747094
-1530511614
-1150670666
1597962820
-14648743
-1451874924
96250972
-84470159
-247001109
-695355446
-283475196
-697782147
1531198919
2014148575
-1367142580
2058968083
1649993048
-1201412511
-495009773
-1970001980
-737651967
1887150317
-161219291
1854234286
-795530608
949211197
-1148592383
-1846200197
-1755128363
-1108613350
28992684
2134054233
-2139028234
-153989282
-1392632714
-384727514
1650656607
-1863049733
-769180867
-1297544041
358925958
-609892087
1405992772
-1128376620
823183346
742541961
-1044599175
-96153416
309387221
754725105
1222360279
154131741
897222947
-691653316
1293862422
780635991
1245531984
1057610006
-817858718
-536285913
-1100135366
826290669
1475591153
-398168214
-459055200
-1902730102
-581794594
1986292262
-1901212145
-638103278
1596164566
1105511954
-325448379
432813235
-1426853403
1862768116
-502371080
304107104
575882990
945662813
1845772971
-261195032
1600586130
-1605868147
-738454898
-735084840
268412582
-1095096112
347070877
-52362901
1180959245
230909979
-1827372238
-360494824
-2676039
1390097547
-1952263002
1339713856
-1884231855
-858898455
-599366989
-2027975165
-1813541038
-1926344265
1305559280
-1437099478
-761594977
-45723115
-824875546
292815772
554583852
-1753747644
45044504
716894891
1146517381
1487181267
-373876948
1110793322
370700310
-1178919670
1336098057
1075279879
-1919121983
-1246375445
-162184871
-227195029
1781600109
-1852139828
-1475735241
-962066879
-2041557334
2068041757
-1516512438
1671463942
-174497530
-221755599
1303275864
260931557
1976925391
-671680305
144833687
1745962474
-1581630187
-1461919828
272152159
1561788185
739310
2127430321
497646702
-2130002617
-2100415579
1315184492
-156471427
2083847298
-415442631
-2125824982
363938683
1500903500
-29325019
216616213
-360446152
1384162380
1629004404
618737364
274457961
-293468565
-791481372
871084644
1313476301
1522942136
-653193052
2126505315
2067825071
1896826379
-750380019
602603478
646169495
-125359886
1034822641
64028901
-192679965
606753029
1796817555
1801602736
1510293008
-2050219152
-296310841
-1590717982
2092177113
951661831
-1482153683
1406245463
-264438427
-1528572963
-1147519976
-282259835
869647193
-1652508562
-930258126
406661064
1556585921
87093359
-421959968
-1774931184
94459554
151254207
-415933781
492180224
433420918
-1733904138
-1604443431
-1644387024
-2063620447
320805234
1161482719
154755740
-740535024
749667332
2074251135
-970502572
-2035845298
70619468
529888837
13323206
-1423325346
1160332932
-1118019852
-164228250
-1360512945
1468635470
1927780231
-759798341
-254440515
1963093072
-54513788
-1223279338
-258926769
180617926
438557228
2120686700
-1839774265
-1483192293
241054838
1448950703
-1645478586
-2001296747
1504757646
776894565
1277262947
1101535875
-2058822832
1958816958
-1028171334
230370628
-137173201
748798466
-1763974796
-655186992
1582103767
-1868649710
1871944762
642062261
1508107684
69437188
1070381560
432059475
2086874383
-2106760885
1398610661
-1943871265
-1496382418
1136894119
1291078757
422384002
1679100733
908594423
469346087
1357224871
1861345254
-922765546
507996246
-1057337573
623472153
1264981918
-1058913494
1151018577
1703383721
-200336668
1213568614
-1034196454
1330865873
-1079451450
-626053594
-1789142182
1510040337
-82783820
-897840160
65050812
-800074497
-662359250
-1631176416
-625819701
118786952
-821469433
2076960462
-1539827074
-1832924485
1228113432
65939799
1921796890
1331525371
-507541963
-690627076
-1858275358
651375228
-6587264
610248287
829171532
-872982668
2076012075
264368374
553770088
-731293218
-615776196
1357284370
846852706
-946466686
-1353257579
-1615652860
264153130
-89980262
-1732864576
1775169024
948211786
-427051660
1767300791
813102132
860035664
-436003792
982487614
178164736
-740444647
-200895601
1722953084
-1820229809
-1897404359
1351809175
1899832406
-923290087
1860789981
-121820240
1389665043
791985122
1188112268
-512295947
-2139319478
1781005623
-1972544115
161700268
201290264
225731894
-929723939
-86848230
-1075618219
1286939396
1491600156
1615250912
1866654120
1988468566
1585514550
2140215076
-1506339899
-1115512340
-1787738988
1478094599
1325746368
1019566321
-606550700
185337643
901995302
1581030120
714320160
-1999071228
1190479068
-781549077
-219417909
-1093142987
-1918658202
-1085765749
114482587
-2038419366
958244332
-1169468980
431564053
1263410238
-286945839
-1204438867
-1658091264
-1481612163
1379882214
2054106378
1460542322
1488869888
1400952626
-1728152364
1316672973
-1891626366
-1717873236
-346714108
1755158536
-1989778185
964680751
-1475110428
1870708437
910216903
1647660743
-1064792624
-879776812
926711970
-2005566708
-2026098792
987099979
-115327562
855861473
981373505
701931795
-2133991471
-1572889229
671793595
291263159
2048462858
774324659
-671467054
-305122115
1998051547
489382728
1686076033
1103132413
2002327190
-2087418
1124944683
-235383008
1139877699
403808945
-1452463132
-102418242
2042556729
-2107646957
-589501869
-1842748071
-211448273
-710621590
-1120511951
269426849
1013849658
1047770617
71246186
1983145238
957323912
386665988
-1541467922
688279809
78772408
1612128638
-28065450
-1265316119
1917652653
2016304313
-222399147
-1599454583
1937778418
-1904125584
2121142363
-783550941
-58124603
1269098989
-2016351951
-1406429081
-1472241510
808800256
1402888754
-1015197936
1382098583
1048571966
143024492
-223567211
1385950485
-391642270
1343095942
-770840670
637218085
-1675079724
-1062091013
-1005859998
1616464120
-1793330935
1188695104
-1033182629
-756737206
1812710000
-1630369385
988090983
1430559833
2143060999
1869602125
1391134848
-1563108047
-1674367710
-151809853
-1308599257
401490389
1230287409
-1783857107
679085550
2084251699
817376585
-2075664381
1621033555
-280547556
554398695
-686587691
850877908
-737145066
911391938
1445235906
-1024496051
-1514247127
-879586578
222327470
-1920069301
748059593
-1437543425
2005516413
-68786411
-1094690081
-1446652718
2130430355
236496712
219956383
-826071152
-1413360295
1871059160
1713957674
2049751230
-240094982
1445589218
2107523048
1088327094
1692255810
-787771753
1582710385
-747692833
-329311337
-120968770
-946372374
1222656896
1918951710
1417686735
1087006376
1747849817
1851878561
-160807259
395073134
-588155708
1380078683
-1113840321
1901245380
-1941096644
978323847
-2135564170
1419987593
-1800874889
1794714037
259037532
883226407
-1881558001
-1711761029
389445366
1492420877
1651667971
838268669
-1013170553
686479618
799556212
702047732
-1734207914
281366295
519302108
1846820312
-1638754020
-46923735
433381984
390927597
366228695
1350433634
-465974431
-1777255774
-918080681
-1143879752
582764936
-2016458802
2099030600
-468184725
1161466088
-669499541
-267568002
-241076104
-1798855934
1123980722
-228140456
1018227050
-2047125298
-1162089708
899442120
-687227958
-311735913
1728774517
869601076
-1747476572
-2085099409
1792472750
-1296251060
1258594533
-2023525285
698830603
1314236313
-305428484
-96594002
-1502793677
1557257231
1234745772
1299752389
-1036200360
-1074377728
351578428
1731759439
-483619655
-279803483
648488123
-985585451
1704162244
1193434619
-1958782992
1936441192
67519184
-1610110996
-1073442326
-796802825
682715375
1954481258
1250665605
-878059040
-1910094046
-1544372026
882524734
1189419305
-1986210683
-360817843
1958271457
1986386789
1491398886
-1486034894
-875252015
-1872717724
1128491946
-2052764451
-332079447
1066755452
-1232552163
-894664025
561966462
1409689802
-1432008184
-126351036
763169631
1224750324
-1522572439
1384151630
2124738336
1704857718
-568401888
1981612734
1572755662
-26453511
925077078
-575833108
440870994
565034260
1156305091
-337660728
-126849910
-1183268411
-511370731
883355566
-65914863
1554685549
1462522601
-92632095
-1542076386
-323493423
-306728913
1910867675
-771571566
-25937440
-843034224
-813055681
-1170474377
-1191852296
-1066264202
-1527496741
806080470
1829890010
181379554
-88503317
322082239
-728563528
-862867026
-1750991347
1061859306
-86227539
-932980475
-1791433752
-1944342018
1392227854
-251024357
759778385
1001580653
1423316116
-488122069
-757844231
956292826
-826639318
514911300
1593879190
2060698441
-214146025
2025358390
-1258138188
1493359607
-2011774574
-1671313480
-912578343
-968203661
-1506047161
1578885528
1405075875
-2058980202
-1053477090
1949154324
2060839718
371935157
-266739245
-445366921
-1356236926
1731333434
544269184
-123371337
264801910
1132301
197592230
-1042301486
1683582252
781638685
1769405397
1477642492
771283014
210878636
-893934097
1087023593
-1313531228
1691166368
1209203885
-1037209839
-127863894
-247199548
-514499302
593880193
1152647508
734835051
682565142
-235431986
1702473835
697442225
-1862432468
-2065587567
-1483132616
-2003916032
-1399343780
-805183235
-1839322846
-681759373
827210486
-1947647923
591570746
1559869735
-407042803
-1323391161
1456160431
1993970894
-49123607
146510122
-1376240890
-825552590
762770187
910776283
-16736295
-1984995267
-558874846
167194589
2140079087
1823621893
-482957858
1165705195
935821956
278332680
-90504342
-2098908764
1010594424
-975970318
-827533599
-1437698607
-1228998217
-846084525
-1962596098
800687579
466558435
-33378503
-1691720382
-1721807302
-816777243
-168158455
-1779884612
966580529
1857686476
1092719212
1417591431
852213563
-1513165660
-792939850
976999981
2118158573
963417555
1984272648
615913544
1641181312
1044622801
386508559
1696478810
-832316630
1334618962
-1057604901
-1985334449
1117357683
-2101297801
-1520888623
-1672133692
-1036841916
-923060710
-91801710
-789313577
-228516800
-1534741719
-1928949489
864314176
52535318
-1226043116
-27943184
512004258
1252010449
1726883506
-1447178512
-669955270
-1125774575
-1032489510
1046871037
-281070649
778659631
278122540
-1196229767
-442488993
44080700
-630227480
1791384324
730265063
-516821931
78273831
2037192145
-1818531685
-564604720
1064330244
2006453106
-1720149875
403420555
-1606836154
-1336788393
732981987
206671294
-328111087
-1800145956
1405639302
235780699
599743212
-1213285290
1922766929
-1258469669
2106358937
-405455079
-543438880
-1142238918
-1417122499
1463755728
993137381
-195833040
77053832
101533587
-1401452057
758882359
-1330248166
1668437932
-1047931588
-1693246088
-1511693059
1547623399
-1421789398
-1788136666
-1779510488
704823822
-2011323164
1051176304
-195490820
532775312
-380296333
-1427919769
2101595959
723672998
1745536090
782148913
811080264
383056796
-1555050450
1636867040
1869391328
-1786883273
1848671276
748215336
-1161237405
-1135899678
1311611537
1397911256
-210409744
1648513400
295084675
2002969554
104727953
1001801016
249089856
-1258476782
1354397244
-722815348
-1856251780
-323302978
380813355
-1941241618
447531350
-833316787
2018175240
-693554782
-713998997
1279025365
183305231
-989721914
1615726300
-27003806
248739946
-836193004
-307046004
-586170756
853627241
1015407832
-2065175333
-1550025294
1367492919
-334594044
-1971208
-1968183424
-1813724799
2106308418
1094687759
-971833480
2124143172
-346698185
-1294962563
-676179306
-549726152
-1786587316
565698710
1300228917
-941587350
-1340770399
216349120
186551163
84507221
-781485527
-1182017601
-2055030782
1358256546
762580017
1110502146
1879887326
923469991
1191829157
442294559
1470063271
-1783873540
2131860830
1566400092
-384119358
-1470417033
2025752379
21174488
1237630363
1144066046
-1833245773
1534474656
-1295260879
1722564069
-1812369501
1168725773
-630690030
1866415185
-1463284381
-682082973
-84829438
-1737576909
-6306288
594628802
2008792074
-1729943750
1635899461
1059943671
-1579564220
1596892916
-1885929574
411555577
-1701035336
-1040176514
-1724323800
559244910
1611365334
-2109137812
2191231
-21102374
605663928
646518742
369945153
1136214685
-1274432042
-681351582
-1902769029
1367417211
-2140735140
1698814058
1659879195
-125037291
-48844556
-186413132
-1051564880
1330186475
-1515203191
-1730820840
1416704105
478743510
49067479
848292090
1076422470
-549313750
930499284
27011069
935477426
-573649136
795940606
-1669165803
1028733643
-908570795
1028156433
-427232374
-1072972572
-1954248904
-822358039
457298977
1356990980
2111703905
652389206
-1660547296
1513946266
-2008894870
706595683
-1051502240
2026489097
-1594647803
-1569073655
-2027082281
-1328928220
-1166452061
-444179439
1873872427
747487511
1465394574
-394463371
1005557690
261510870
1909282144
-50463865
1971176645
-1845322334
38223754
-1660335845
1604222244
-1586563721
-1133599694
1117854902
-1992791600
66002203
-118572346
-1665252325
-391897011
-265779674
2019767205
1836911302
-864370129
596614618
-1434945970
929255807
1343135164
-1299789347
-473990478
-1479487939
-2021587129
1494282179
-1775751569
-2140484525
402974477
506929794
607551551
-729541000
973916857
1980800888
963818312
-1769578612
-1516656927
1791440184
-1289287242
-208602736
-1779452040
-798799369
-1127696396
1991024875
968586909
-2093204891
756034556
-800208906
-1340130169
251579524
-119102416
-1326977126
821162397
1944171089
-129192126
1116190187
1141224717
1926112021
1941151046
1420342917
529566442
-1123532281
745807500
-400796521
-13369976
1393497255
-1664758303
-1927973377
-1691799463
2085117289
1219467841
1936013320
-1888152596
1044275698
845221419
-1952456954
-1077054321
-1156370788
-1838152561
-1122991539
1518717443
-117721145
-898400236
-1448330010
-885019868
1811538575
1713863571
-1333225565
1659135938
-1847705058
-744517038
-1767049012
225243938
-2047593679
826126921
-247820126
1677956593
356548798
1110108927
322815172
-1993953277
1527353161
1171690281
1801208772
-562422042
-834675093
-842397524
-1711889324
-1287019237
1063009378
1424701100
1234855612
1117958780
-535853469
379954369
-584868161
644652568
2040154559
525622554
753105619
1295382938
-1948317214
-1950532981
741435928
97059312
1571217477
-2009081908
661953190
1655534410
711404430
432648857
-735402501
-142117215
1715809304
762836276
-63742514
-272017196
-1404780450
-1921830219
182864866
413062564
639610015
1797008777
-1663008211
1557959094
371728151
-781905391
406514360
1405884858
-918322050
674617222
-1724301963
-639558112
513726379
28898450
1543155559
742522303
-739232153
952315150
-2092182911
-2055117461
-1859429417
-1548616747
-309216001
891317007
862399209
-757608224
1681545349
-326951895
1401474345
1184278648
2113979803
-1485284279
-461345627
-782836848
-799571382
1318120555
-324544677
79530314
-1146517878
-1850561208
247671796
-793333647
-1611879623
632756689
-1466629628
2031679742
413772702
297080022
752917005
1721160298
-957547472
-707541071
532289625
419652873
1871301881
517874764
1052415099
-1263543342
-2123045882
1683270374
-108016116
493452699
-852644508
2003978165
-1246256681
-1629741384
-1467474214
-1144022182
-144116171
891263575
-345580023
1320560644
552552023
906271589
1005749958
-1253452333
-585241495
-1415060762
348853832
1761207700
1447469793
-1676629646
746504974
-1090085212
-1988437971
-244878787
-103250644
-1851775913
-244379486
-1829631901
-1317281325
1388603713
-286733243
570556042
1483814729
918050581
-1144441170
-1685706577
-833151714
1997485892
-847309129
1587737617
-1095363135
-1827510573
322111850
-584265923
117763528
-694836148
1409847495
-1025891811
1812008359
-457722938
-843216211
-2140302156
1074202105
1954530899
1291644666
1018021179
-1467627738
428467601
962405806
762645677
-1847533745
-1592569821
-1133637354
-1743759559
2077340886
1895813784
-1423915788
1201817140
720338348
-636295401
-334058015
-1821745372
-133477213
-986623996
910330898
797437526
547512078
-1081653030
-1632426075
-1782071624
-822663722
1379877282
65528485
764843209
306960559
-1282381795
-496035150
-2101604557
-1061025091
651228628
1715844118
-187824482
-203060818
1888206894
-2138757698
-734222257
1403211520
-1975352062
2034657349
-1636269047
-329749438
1511171832
-2122449327
1753155888
1216083554
363144249
-776321885
145832944
-468062250
228394306
720507802
-2139429411
2069376509
96410431
748551190
-109591668
-951631403
680002366
-881413014
629934948
-639498329
1875043782
-1825858708
1339476145
-877434416
-647131508
1939942531
1980101837
82818165
-1442107654
-1274348094
-1863036652
-1107896676
-825938019
1027522214
-647960150
1664494404
746916792
-1944978872
-207174475
1846413982
496382263
953824809
-2032646939
1806026768
1733262819
782298394
-2050575807
-1124454329
1300447998
-296326540
509916430
-1666448711
-1791010427
606301970
-2029881819
1045431786
-642065680
-1094132627
1689304317
1558035850
252177039
-1247348170
-1960399773
1040191532
-1130829752
-1452252604
2090182411
-84798223
599003370
405394335
-578441305
-2032665842
-2030591099
1290493667
461263806
-1602031282
11316680
-1074218923
-958521312
608144740
-760503908
-484441610
-756696946
-200319842
-89849938
-1809370568
-1975087674
-440341857
1480043551
764763969
230623151
811963970
-1054324481
1921745261
-815382238
-852736592
1042974663
-855836106
1186306541
2046745534
838019807
-22818970
1781425083
-1618015172
-1224259351
-983150635
-1899436909
-1712199944
-923325743
1806975580
-1341921424
2122494959
-2036833455
133451033
1196309967
432277304
-343160468
-1133778512
-1583783887
829956853
1094225017
-1787563974
-1398699922
-1897689831
-1756703856
-679147229
2130707091
1301003367
-836486830
1916927370
1858139262
-1062383598
489049370
-1675711394
-2091730020
-796448538
-1680758946
1201353277
-545599668
392944052
-1900221657
-495727634
1197272978
1589593
1575126303
1692819040
-1202672485
-1237939722
-1813453805
705009816
-1850399928
677083494
-397536990
-955842146
1353087125
-1308277701
-27443069
-680967527
75899893
-1662384529
-261752087
511963531
-1367751703
-131179829
792208960
1274407238
23188667
668793805
-1644213776
-1488621731
-2022840239
-18191220
-1188475514
-58813663
-825309220
703887285
52175116
1229846689
-583433356
-1898675478
-241876872
-701341649
1708449473
-328064141
-1421558771
-557501354
490804228
-263395560
439207417
1212227342
-82831224
-857095570
-1933083607
-1466782650
54877331
-516411049
-144478253
-1392624864
461433818
2143948879
-947246099
-1674293364
365340923
-1117042423
-674766838
1413088948
998966664
784575388
-700690799
-574119270
1166669508
1585703326
304810762
1823235659
-1380583973
349312035
-1502125255
1004209440
1388307965
1368696929
1572684398
1753796546
1434096525
-24306625
-1657998930
-985877480
-1670082122
1867497877
-2039118099
-1973994006
893386167
394276689
2000088652
1702878915
-1412583823
-1569866446
341503208
-1594337944
-2011278077
18971815
1683178446
793468148
-79388670
82065182
547665369
-36568683
-2142565417
145317220
-1026819636
-791159998
-233915969
-1179701221
-1468459022
-1536178699
-978876350
-114471869
-1507607224
-1556752818
-258031553
-1187970258
-1919889087
905440475
-660195091
441277073
120533031
-86039672
-946236592
813593265
-55847651
-1371041277
497959996
1998378428
-337452372
1996816202
-57492217
-1406441440
386666699
953591920
-755235852
1449640648
-1054079964
-157851324
1141466486
-315468981
-578012717
-1692880152
-1673406953
-1692325818
-2020906632
2088165091
1637977328
713286498
493140068
-333628240
1215546542
-1282605879
503648260
366077957
-765067992
1092594756
-909359445
404357325
1461908709
1546552549
61146430
-415597146
-255634797
199600998
350869922
-7287196
283509105
-1978325304
295472054
1819102860
-1885197215
-1552901105
-533829806
1675200474
1788154942
371358747
-1194218589
1695267653
-1349344391
-725643407
-1112533860
2117242156
903754567
-245915617
1221985781
924068487
1191450551
-172725077
1487551055
303658954
-1297437628
-1042149217
463995597
-263999818
-1050158437
-1405049743
-1529481877
-153959385
-233085039
877024293
1612206619
-264713204
1300754493
-1566456629
-1836539986
326858251
-891257099
909355518
-135996279
973632635
-1304777669
261458788
-336989145
-562073735
1549012895
1302575667
-533985022
-78370084
-2062118627
1715500712
1798682829
-2032662911
1732702846
1220131440
-1583111490
-1349110923
-1660569026
-1805683263
1152355097
465623578
1830561391
-1221012065
453986357
2112018483
816464988
-263874406
1224024616
2122649925
-112009978
-1191865517
1939477737
1990932638
184506217
-1638252511
542521404
-877537527
1086002806
-202061251
491769755
-1799614393
-432669159
-271076601
785689203
1621911015
1243385590
-1088959661
582065116
2108744344
1676891614
-1563635179
-305670358
902820220
889439565
-40700426
1699079558
-1391985801
-1366998764
-619199970
-2101308926
1296540459
465646322
-141901545
-261280379
745154896
-180620341
386670781
-1816510516
740280218
-1998338932
468762000
-1044312925
-1563553825
-1887587476
-82915935
154209968
1305812654
1553398566
1261090999
1886353956
-1294551137
1661272827
-1813763025
-2054512137
-631755891
992563658
-249315351
445725685
441041462
535940046
332012522
-1042005390
-595887258
1085011471
1427856241
-1388265701
736328613
298768103
90931007
1114452425
-1358158981
1001826656
281035686
14808790
-674357774
-1840527914
654235238
-1106039595
774458091
-1872602132
-123114386
1461396096
-744631714
-735480718
546420429
-807678220
-567601549
723871910
1314718151
-1648821221
1801869947
-1406396177
285318844
-179200317
-1128776776
1642473058
1992508154
136192619
1525731201
1471011904
721121962
727407987
696521749
187577996
288120032
79927027
784563462
855569898
1381954922
1420203810
1963394469
546881299
-1761127058
1309886198
-544376426
-1463926553
585997136
-1216341715
1658532676
1868261025
-1955513434
-1356269962
1197954711
-889282077
-3122075
-1255751119
1130025845
-1662439645
-1452138904
487231433
-206318469
-2005008639
-1504594231
-997347851
-814259670
-678569531
2096335331
1116583356
1716799610
-1950280466
680388466
-768489943
-1982398528
976298140
1063620066
1705389895
-615625734
-501983010
676075369
1116236788
-1966492069
642160518
1369980176
-1741038628
-1238270006
1747794994
1523300412
-292826109
-393896802
-1593052942
-1231878743
933396163
1000286448
-549382630
913631447
-1356914384
1196033912
310836138
-1264914909
1329519599
1096275889
-382584036
-1648175673
-2112150153
157346172
-560715845
373952225
-1202729166
844843120
1416188957
141249213
1828468359
-1277740969
209210098
-1538744618
1771934988
1548427435
-1960325999
-359590008
-2147195750
1435919694
-393738383
850889619
-799805890
-504454909
2014643277
228634431
-2119635714
-2134729450
-1144620518
-1750010784
1953256012
389339615
281177759
1732628523
-1287444601
162344985
-390021896
-1494716663
-378085241
-1948271214
253170668
459537780
17049640
-449470951
-1562662199
-2011260391
-1157838137
-47399306
-1273062791
-1761485560
-259002284
1156445575
-91123012
881537829
-1157435386
488985348
1755358425
-2014403525
-1907999263
-1452071869
18851020
99825830
-84025749
-1690581060
2010049660
-677505400
860237082
-804848342
1954291524
-1307861600
1565645018
-458840620
-604544005
-132008982
1171640298
40229293
435283134
60997767
-1605821901
-241149551
819753258
-1409297277
625620977
234634205
783797303
-1025538288
-123993905
970892829
-536351487
1473951525
970920274
1861279295
-1633074943
91336240
1912803976
-1812601889
-845881042
-2010872465
1846585615
-1378070412
990959314
729160220
-988836886
-1684481280
-860561199
1210152091
1466335855
31001041
-2035553683
504309322
-610136354
517955712
-2046207004
265362009
1138605105
1770699891
620465727
-1531906706
1271229278
-1737565605
-1243829762
-362434592
-375720792
736867253
196785164
433995395
524856806
-1903554228
-213959735
-41073029
-839350839
2007251021
-833122936
1781410732
1280169491
1995236556
-746614994
-1484519076
732004390
-1646071110
-1142547962
823233649
1748291911
1330181607
-1368742424
-1548636603
1086079533
2074311158
-2113138662
1248705665
2003212018
518259924
2046625045
-1778275319
-2112446223
-1178152869
1575350551
-288225331
-129811345
-958552384
1137093207
-955764900
-1043703195
-1297557678
-967886576
1496172657
-1722479390
-1579999150
